A: 0.000000 0.777778 0.111111 0.222222 0.222222 0.444444 0.444444 0.333333 0.666667 0.333333 0.000000 0.222222 
B: 1.000000 0.333333 0.500000 1.333333 0.333333 0.500000 1.333333 0.000000 0.000000 1.500000 0.333333 0.333333 
C: 0.500000 0.333333 0.333333 1.166667 0.000000 0.000000 1.000000 0.000000 0.000000 0.166667 0.500000 0.333333 
D: 0.666667 0.333333 0.500000 1.000000 0.000000 0.000000 1.166667 0.000000 0.000000 1.333333 0.333333 0.333333 
E: 0.666667 0.333333 0.333333 0.666667 0.333333 0.333333 0.500000 0.000000 0.000000 0.500000 0.333333 0.333333 
F: 0.666667 0.333333 0.333333 0.666667 0.333333 0.333333 0.500000 0.000000 0.000000 0.333333 0.000000 0.000000 
G: 0.333333 0.444444 0.333333 0.555556 0.111111 0.333333 0.444444 0.000000 0.666667 0.111111 0.444444 0.555556 
H: 0.500000 0.000000 0.000000 1.666667 0.333333 0.333333 1.500000 0.000000 0.000000 1.333333 0.000000 0.000000 
I: 0.333333 1.000000 0.333333 0.000000 1.000000 0.000000 0.000000 1.000000 0.000000 0.333333 0.666667 0.333333 
J: 0.333333 0.333333 1.000000 0.000000 0.000000 1.000000 0.000000 0.000000 1.000000 0.333333 0.333333 0.166667 
K: 1.000000 0.000000 0.500000 1.500000 0.500000 0.166667 1.000000 0.333333 0.500000 0.666667 0.000000 0.166667 
L: 1.000000 0.000000 0.000000 1.000000 0.000000 0.000000 1.000000 0.000000 0.000000 0.666667 0.333333 0.333333 
M: 0.666667 0.111111 0.777778 0.333333 0.555556 0.444444 0.333333 0.222222 0.333333 0.444444 0.000000 0.222222 
N: 1.000000 0.333333 0.000000 2.000000 0.500000 0.000000 2.000000 0.000000 0.500000 1.666667 0.000000 0.166667 
O: 0.333333 0.333333 0.444444 0.555556 0.000000 0.333333 0.555556 0.000000 0.444444 0.222222 0.333333 0.333333 
P: 1.000000 0.333333 0.500000 1.500000 0.000000 0.166667 1.833333 0.333333 0.333333 0.666667 0.000000 0.000000 
Q: 0.333333 0.333333 0.444444 0.555556 0.000000 0.333333 0.666667 0.000000 0.444444 0.222222 0.555556 0.333333 
R: 1.000000 0.333333 0.500000 1.333333 0.333333 0.500000 1.333333 0.000000 0.666667 1.000000 0.000000 0.000000 
S: 0.125000 0.250000 0.250000 0.750000 0.500000 0.250000 0.125000 0.000000 0.250000 0.875000 0.250000 0.250000 
T: 0.250000 0.375000 0.375000 0.250000 0.500000 0.500000 0.000000 0.500000 0.500000 0.000000 0.125000 0.125000 
U: 0.250000 0.000000 0.000000 1.000000 0.000000 0.000000 1.750000 0.000000 0.000000 1.000000 0.250000 0.250000 
V: 0.250000 0.000000 0.166667 0.583333 0.083333 0.583333 0.083333 0.666667 0.250000 0.000000 0.166667 0.000000 
W: 0.333333 0.000000 0.166667 0.416667 0.333333 0.333333 0.500000 0.500000 0.666667 0.166667 0.000000 0.250000 
X: 0.333333 0.000000 0.250000 0.083333 0.750000 0.250000 0.333333 0.500000 0.500000 0.166667 0.000000 0.166667 
Y: 0.333333 0.000000 0.250000 0.333333 0.416667 0.416667 0.000000 0.666667 0.000000 0.000000 0.166667 0.000000 
Z: 0.250000 0.250000 0.250000 0.375000 0.125000 0.625000 0.250000 0.500000 0.000000 0.250000 0.250000 0.250000 
a: 0.000000 0.000000 0.000000 0.125000 0.250000 0.375000 1.250000 0.250000 0.375000 0.625000 0.250000 0.125000 
b: 1.000000 0.000000 0.000000 1.000000 0.250000 0.250000 1.750000 0.000000 0.125000 1.000000 0.250000 0.250000 
c: 0.000000 0.000000 0.000000 0.500000 0.250000 0.250000 0.875000 0.125000 0.000000 0.000000 0.250000 0.250000 
d: 0.000000 0.000000 0.000000 1.000000 0.250000 0.250000 1.250000 0.000000 0.375000 0.625000 0.250000 0.125000 
e: 0.000000 0.000000 0.000000 0.625000 0.375000 0.375000 1.500000 0.375000 0.250000 0.250000 0.250000 0.250000 
f: 0.000000 0.500000 0.375000 0.500000 1.000000 0.250000 0.250000 1.000000 0.000000 0.000000 0.250000 0.000000 
g: 0.000000 0.000000 0.000000 0.625000 0.250000 0.375000 1.375000 0.250000 0.375000 0.875000 0.250000 0.250000 
h: 1.000000 0.000000 0.000000 1.000000 0.250000 0.250000 1.500000 0.000000 0.000000 1.250000 0.000000 0.000000 
i: 0.000000 0.250000 0.250000 0.125000 0.625000 0.500000 0.000000 0.500000 0.500000 0.250000 0.250000 0.250000 
j: 0.000000 0.000000 0.500000 0.500000 0.250000 0.625000 0.000000 0.000000 0.500000 0.125000 0.000000 0.625000 
k: 0.500000 0.000000 0.000000 0.625000 0.250000 0.375000 0.750000 0.500000 0.375000 0.125000 0.000000 0.125000 
l: 0.125000 0.625000 0.500000 0.000000 0.500000 0.500000 0.000000 0.500000 0.500000 0.250000 0.250000 0.250000 
m: 0.000000 0.000000 0.000000 0.750000 0.625000 0.625000 1.125000 0.500000 0.500000 0.625000 0.125000 0.125000 
n: 0.000000 0.000000 0.000000 1.000000 0.250000 0.250000 1.625000 0.000000 0.000000 1.250000 0.000000 0.000000 
o: 0.000000 0.000000 0.000000 0.500000 0.250000 0.375000 1.125000 0.000000 0.125000 0.750000 0.250000 0.250000 
p: 0.000000 0.000000 0.000000 1.000000 0.250000 0.250000 1.625000 0.000000 0.125000 1.875000 0.250000 0.250000 
q: 0.000000 0.000000 0.000000 0.500000 0.250000 0.250000 1.250000 0.000000 0.375000 0.625000 0.250000 0.125000 
r: 0.000000 0.000000 0.000000 0.750000 0.375000 0.500000 0.750000 0.000000 0.000000 0.125000 0.000000 0.000000 
s: 0.000000 0.000000 0.000000 0.750000 0.250000 0.250000 0.125000 0.250000 0.750000 0.250000 0.250000 0.125000 
t: 0.000000 0.375000 0.000000 0.250000 0.625000 0.250000 0.250000 0.500000 0.250000 0.000000 0.000000 0.250000 
u: 0.000000 0.000000 0.000000 1.000000 0.000000 0.000000 1.875000 0.000000 0.125000 1.125000 0.250000 0.125000 
v: 0.000000 0.000000 0.000000 0.625000 0.000000 0.125000 0.875000 0.625000 0.625000 0.125000 0.125000 0.125000 
w: 0.000000 0.000000 0.000000 0.500000 0.333333 0.333333 0.500000 0.500000 0.833333 0.166667 0.083333 0.166667 
x: 0.000000 0.000000 0.000000 0.375000 0.500000 0.500000 0.625000 0.625000 0.625000 0.375000 0.000000 0.000000 
y: 0.000000 0.000000 0.000000 0.500000 0.000000 0.583333 0.083333 0.666667 0.250000 0.000000 0.500000 0.000000 
z: 0.000000 0.000000 0.000000 0.250000 0.250000 0.750000 0.250000 0.625000 0.125000 0.250000 0.250000 0.250000 
0: 0.125000 0.375000 0.375000 0.750000 0.125000 0.375000 1.500000 0.250000 0.125000 0.750000 0.250000 0.250000 
1: 0.125000 0.375000 0.250000 0.125000 0.500000 0.500000 0.000000 0.500000 0.500000 0.125000 0.250000 0.250000 
2: 0.750000 0.500000 0.750000 0.250000 0.000000 0.500000 0.500000 0.000000 0.500000 0.500000 0.250000 0.750000 
3: 0.250000 0.500000 0.750000 0.250000 0.000000 0.250000 0.500000 0.500000 0.750000 0.000000 0.000000 0.250000 
4: 0.000000 0.500000 0.333333 0.000000 0.500000 0.333333 0.333333 0.166667 0.333333 0.500000 0.000000 0.333333 
5: 0.500000 0.500000 0.500000 0.750000 0.000000 0.000000 0.250000 0.500000 0.750000 0.250000 0.000000 0.000000 
6: 0.250000 0.500000 0.500000 1.000000 0.000000 0.000000 1.000000 0.500000 0.500000 1.250000 0.000000 0.000000 
7: 0.500000 0.500000 0.500000 0.750000 0.000000 0.500000 0.500000 0.000000 1.000000 0.000000 0.500000 0.500000 
8: 0.250000 0.500000 0.500000 1.250000 0.000000 0.000000 1.250000 0.750000 0.750000 1.000000 0.250000 0.250000 
9: 0.250000 0.500000 0.750000 1.000000 0.000000 0.000000 1.500000 0.000000 0.250000 1.250000 0.500000 0.250000 
